1444401023 7
1445009881 21
1445421744 21
1445504048 23
1445547057 24
1445848055 33
1446732717 49
1446824776 55
1447625666 78
1448019342 108
1448216588 109
1448549372 259
1448553043 333
1448555735 317
1448555984 322
1449153968 331
1449154315 382
1449158452 417
1449242110 416
1449243448 426
1449759246 488
1452858412 577
1452867505 585
1453373365 631
1453417887 713
1453418089 760
1453461790 760
1453462193 792
1453473521 799
1454000237 835
1454000323 823
1454003133 826
1454078232 876
1454169126 876
1454363974 876
1454525628 968
1454592807 926
1454593893 926
1458832493 1014
1458833728 966
1459333605 1005
1459462136 1064
1459507040 1083
1459516762 1100
1459516775 1106
1459946365 1106
1459946380 1131
1459954473 1136
1460044312 1521
1460122832 1536
1460122843 1541
1460580191 1542
1460839491 1542
1461271770 1623
1461531059 1698
1461617595 1693
1461792066 1719
1461879974 1746
1461972820 1755
1462451892 1754
1462539072 1757
1462655944 1780
1462835714 1767
1462922755 1774
1463096640 1872
1463270644 1875
1463360637 1912
1463449190 1924
1463536004 1940
1463624055 1977
1463744567 1984
1464048305 1988
1464048343 2026
1464049053 2040
1464105085 2042
